 <pre>

 Contingency table for Cloud cover (octas)
 Selection: ALL    401 stations
Period: 20240207-20240225
Used {00,03,...,21} + 03 06 ... 48
 Limits   0.500000000       1.50000000       2.50000000       3.50000000       4.50000000       5.50000000       6.50000000       7.50000000    
 Each class is data <= limit, the very last > last limit
 Total number of values      224234
                                                       OBSERVATION
                                   7286     1219     1559      632      373      448      556      482     1511 |     14066
                                   1677      344      602      317      229      318      344      448     1272 |      5551
                                    875      198      396      253      167      232      341      350     1098 |      3910
                                    645      189      320      235      158      195      327      343     1062 |      3474
                    sam0mbr000      595      169      334      214      134      227      332      438     1279 |      3722
                                    539      169      296      226      132      260      382      473     1522 |      3999
                                    627      166      333      241      186      300      540      697     2205 |      5295
                                    836      284      490      408      286      474      874     1373     4914 |      9939
                                   2677      895     1425     1589     1322     2377     5620    21946   136427 |    174278

                    SUM           15757     3633     5755     4115     2987     4831     9316    26550   151290 |    224234
                                                       OBSERVATION
                                   7291     1215     1532      650      385      458      531      492     1525 |     14079
                                   1654      364      605      334      219      304      350      423     1268 |      5521
                                    879      211      428      239      162      227      350      363     1086 |      3945
                                    670      157      313      233      142      208      318      362     1100 |      3503
                    sam6mbr000      570      150      305      206      131      218      344      399     1225 |      3548
                                    534      153      297      217      151      234      406      518     1550 |      4060
                                    611      180      338      250      204      315      538      672     2224 |      5332
                                    876      287      501      399      276      484      899     1361     4845 |      9928
                                   2672      916     1436     1587     1317     2383     5580    21960   136467 |    174318

                    SUM           15757     3633     5755     4115     2987     4831     9316    26550   151290 |    224234

