 <pre>

 Contingency table for Visibility (m)
 Selection: ALL    719 stations
Period: 20240207-20240325
Used {00,03,...,21} + 00 03 ... 48
 Limits    1000.00000       5000.00000       10000.0000       20000.0000    
 Each class is data <= limit, the very last > last limit
 Total number of values     1460269
                                     OBSERVATION
                                  28685    29758    11314     7805     5426 |     82988
                                  13961    71662    43386    36467    26424 |    191900
                    sam0mbr000     8006    50954    72717    92541    81702 |    305920
                                   3783    21559    59560   121650   210481 |    417033
                                   4038    18844    48296   132789   258461 |    462428

                    SUM           58473   192777   235273   391252   582494 |   1460269
                                     OBSERVATION
                                  28884    29720    11365     7789     5459 |     83217
                                  13915    71816    43546    36828    26397 |    192502
                    sam6mbr000     7919    50926    72762    92539    82101 |    306247
                                   3712    21464    59294   121567   210334 |    416371
                                   4043    18851    48306   132529   258203 |    461932

                    SUM           58473   192777   235273   391252   582494 |   1460269

