 <pre>

 Contingency table for Cloud cover (octas)
 Selection: ALL    405 stations
Period: 20240207-20240325
Used {00,03,...,21} + 03 06 ... 48
 Limits   0.500000000       1.50000000       2.50000000       3.50000000       4.50000000       5.50000000       6.50000000       7.50000000    
 Each class is data <= limit, the very last > last limit
 Total number of values      604301
                                                       OBSERVATION
                                  35964     3989     4394     2150     1149     1534     1790     1687     4698 |     57355
                                   5879     1140     1707     1122      689     1006     1306     1378     4004 |     18231
                                   3101      686     1211      837      502      742     1187     1204     3541 |     13011
                                   2349      615      966      726      492      662     1138     1191     3642 |     11781
                    sam0mbr000     2169      563      990      741      510      719     1290     1369     4410 |     12761
                                   2115      586      957      736      551      829     1401     1607     5437 |     14219
                                   2312      629     1189      881      626     1045     1875     2338     7768 |     18663
                                   3338      969     1700     1410      995     1655     3172     4330    16258 |     33827
                                  10886     3437     5259     5038     4082     7289    17051    50508   320903 |    424453

                    SUM           68113    12614    18373    13641     9596    15481    30210    65612   370661 |    604301
                                                       OBSERVATION
                                  35986     3966     4395     2191     1159     1533     1767     1704     4708 |     57409
                                   5910     1172     1731     1135      678      990     1303     1342     4019 |     18280
                                   3101      688     1215      786      509      752     1146     1164     3537 |     12898
                                   2359      585      943      728      479      682     1171     1202     3633 |     11782
                    sam6mbr000     2143      538      945      761      478      739     1277     1328     4400 |     12609
                                   2120      560      992      735      537      762     1469     1676     5428 |     14279
                                   2307      639     1161      888      628     1071     1801     2240     7859 |     18594
                                   3354     1002     1688     1376     1013     1608     3295     4401    16008 |     33745
                                  10833     3464     5303     5041     4115     7344    16981    50555   321069 |    424705

                    SUM           68113    12614    18373    13641     9596    15481    30210    65612   370661 |    604301

