 <pre>

 Contingency table for Rh2m (%)
 Selection: ALL   1072 stations
Period: 20240207-20240325
Used {00,03,...,21} + 00 03 ... 48
 Limits    30.0000000       50.0000000       65.0000000       75.0000000       85.0000000       95.0000000       100.000000    
 Each class is data <= limit, the very last > last limit
 Total number of values     2266458
                                              OBSERVATION
                                    329      276       19        0        0        1        0        0 |       625
                                   1644    17194     8274     1526      642      340       29        0 |     29649
                                    719    23690    74791    32928    23301     4838      612        0 |    160879
                    sam0mbr000       96     7494    59844   100210    85124    26388     2267        0 |    281423
                                     18     1889    28252    91507   220221   124385    13929        0 |    480201
                                      0      327     7053    37091   169322   450726   134473        0 |    798992
                                      0       17      529     2988    19821   143261   345729        0 |    512345
                                      0        0        0        0        7      190     2147        0 |      2344

                    SUM            2806    50887   178762   266250   518438   750129   499186        0 |   2266458
                                              OBSERVATION
                                    343      282       16        0        0        1        0        0 |       642
                                   1640    17085     8238     1530      647      355       33        0 |     29528
                                    709    23704    74564    32771    23284     4731      573        0 |    160336
                    sam6mbr000       97     7596    60054   100092    84667    26433     2309        0 |    281248
                                     17     1881    28291    91646   220153   124036    13872        0 |    479896
                                      0      319     7078    37224   169759   451062   134187        0 |    799629
                                      0       20      521     2987    19921   143315   346065        0 |    512829
                                      0        0        0        0        7      196     2147        0 |      2350

                    SUM            2806    50887   178762   266250   518438   750129   499186        0 |   2266458

